Instance 0 was successful
oct 2011	nov 2011	dec 2011	jan 2012	feb 2012	mar 2012	apr 2012	may 2012	jun 2012	jul 2012	aug 2012	sep 2012	oct 2012	nov 2012	dec 2012	jan 2013	feb 2013	mar 2013	apr 2013	may 2013	jun 2013	jul 2013	aug 2013	sep 2013	oct 2013	nov 2013	dec 2013	jan 2014	feb 2014	mar 2014	apr 2014	may 2014	jun 2014	jul 2014	aug 2014	sep 2014	oct 2014	nov 2014	dec 2014	jan 2015	feb 2015	mar 2015	apr 2015	
9.0	13.0	21.0	11.0	8.0	27.0	21.0	28.0	39.0	19.0	12.0	14.0	12.0	8.0	11.0	5.0	8.0	21.0	15.0	16.0	14.0	7.0	13.0	21.0	9.0	16.0	22.0	8.0	5.0	40.0	29.0	53.0	38.0	34.0	10.0	24.0	23.0	14.0	27.0	33.0	17.0	22.0	17.0	
9.0	13.0	14.444444444444445	20.968912738461537	24.1862765078558	24.706714080211864	29.58675986840696	31.44174867774818	34.09415351120664	39.15692160520238	36.55776990593737	30.396592926664248	24.898031642313285	19.63325207501262	14.41147211630433	11.880809363617903	8.479968337151886	7.423419315301503	11.531820324698614	13.676427376364371	15.912798307059756	17.0958955798751	15.402324169995651	15.336166731313556	17.812105440162263	16.094350886682097	16.532175849734788	18.895387104601966	16.408113735016244	12.847207364437416	21.608471249847955	27.25408457929073	40.205582204621	48.43704915977079	53.12453658558459	46.91226091036096	42.64172151539213	37.24498666919656	29.157998344891908	26.84901840926443	27.567012730115017	23.496569861634757	21.99043990262629	
may 2015	jun 2015	jul 2015	aug 2015	sep 2015	oct 2015	nov 2015	dec 2015	jan 2016	feb 2016	mar 2016	apr 2016	may 2016	jun 2016	
17.0	23.0	8.0	12.0	21.0	12.0	10.0	23.0	15.0	18.0	40.0	12.0	17.0	33.0	
19.516519750735142	17.82276153045054	18.812549248552717	15.071356368507692	13.403287230101176	15.377627684531234	14.459895850139361	13.013640923496334	16.229452142805027	16.751159353604752	18.03343134984123	26.40861923593036	25.671521724724105	25.259217767961054	
jul 2016	aug 2016	sep 2016	oct 2016	nov 2016	dec 2016	jan 2017	feb 2017	mar 2017	apr 2017	may 2017	jun 2017	jul 2017	aug 2017	sep 2017	
14.0	14.0	25.0	10.0	18.0	31.0	9.0	22.0	55.0	59.0	68.0	75.0	72.0	55.0	70.0	
29.401663794271705	26.752088593600813	23.493254141784075	23.978733301621535	19.56511687328743	18.438703942092687	22.1375266946369	18.559355695402814	19.548982807483068	31.62074610919901	45.75992249496263	62.912350420087805	81.41470262752844	96.30534302920671	100.73384725628351	

oct 2011	nov 2011	dec 2011	jan 2012	feb 2012	mar 2012	apr 2012	may 2012	jun 2012	jul 2012	aug 2012	sep 2012	oct 2012	nov 2012	dec 2012	jan 2013	feb 2013	mar 2013	apr 2013	may 2013	jun 2013	jul 2013	aug 2013	sep 2013	oct 2013	nov 2013	dec 2013	jan 2014	feb 2014	mar 2014	apr 2014	may 2014	jun 2014	jul 2014	aug 2014	sep 2014	oct 2014	nov 2014	dec 2014	jan 2015	feb 2015	mar 2015	apr 2015	
9.0	13.0	21.0	11.0	8.0	27.0	21.0	28.0	39.0	19.0	12.0	14.0	12.0	8.0	11.0	5.0	8.0	21.0	15.0	16.0	14.0	7.0	13.0	21.0	9.0	16.0	22.0	8.0	5.0	40.0	29.0	53.0	38.0	34.0	10.0	24.0	23.0	14.0	27.0	33.0	17.0	22.0	17.0	
9.0	13.0	21.0	0.0	16.013717421124827	22.64765780977924	25.328287076003804	25.3607584852831	30.20421409261442	31.867266069699195	34.43257144608743	39.510844530127365	36.7057478521143	30.35740969926111	24.755898354224467	19.42085771332345	14.139065084325518	11.607549375860957	8.167964795146691	7.1388747391410305	11.730047133995118	13.98679832527415	16.273613452743874	17.388670332621018	15.48911479306835	15.387226561441626	17.98590322900944	16.120837494728576	16.57068938905326	19.0420710098061	16.393421256167706	12.694593770427614	22.151841061939326	27.88691007466075	41.215639025927615	49.274672048350574	53.71227414874332	47.12998690413604	42.69692709933483	37.187291676796775	28.986836798507703	26.68749139820727	27.474914649863457	
may 2015	jun 2015	jul 2015	aug 2015	sep 2015	oct 2015	nov 2015	dec 2015	jan 2016	feb 2016	mar 2016	apr 2016	may 2016	jun 2016	
17.0	23.0	8.0	12.0	21.0	12.0	10.0	23.0	15.0	18.0	40.0	12.0	17.0	33.0	
23.344612637799443	21.84962048036519	19.35526711370885	17.662698959245354	18.740266853485107	14.900635808579606	13.223525662883306	15.353647749824976	14.401409753722138	12.907621763696826	16.35430088263127	16.856847803697335	18.16633985099325	26.990569909167107	
jul 2016	aug 2016	sep 2016	oct 2016	nov 2016	dec 2016	jan 2017	feb 2017	mar 2017	apr 2017	may 2017	jun 2017	jul 2017	aug 2017	sep 2017	
14.0	14.0	25.0	10.0	18.0	31.0	9.0	22.0	55.0	59.0	68.0	75.0	72.0	55.0	70.0	
25.977103916104756	25.42737305913962	29.659230773860962	26.82873556229786	23.449612096892576	23.965535289849456	19.433905820030006	18.314957041190254	22.203985585436822	18.482733349703445	19.537178996640456	32.251425189495606	46.719411229512914	63.982229269383005	82.42086140146948	

oct 2011	nov 2011	dec 2011	jan 2012	feb 2012	mar 2012	apr 2012	may 2012	jun 2012	jul 2012	aug 2012	sep 2012	oct 2012	nov 2012	dec 2012	jan 2013	feb 2013	mar 2013	apr 2013	may 2013	jun 2013	jul 2013	aug 2013	sep 2013	oct 2013	nov 2013	dec 2013	jan 2014	feb 2014	mar 2014	apr 2014	may 2014	jun 2014	jul 2014	aug 2014	sep 2014	oct 2014	nov 2014	dec 2014	jan 2015	feb 2015	mar 2015	apr 2015	
9.0	13.0	21.0	11.0	8.0	27.0	21.0	28.0	39.0	19.0	12.0	14.0	12.0	8.0	11.0	5.0	8.0	21.0	15.0	16.0	14.0	7.0	13.0	21.0	9.0	16.0	22.0	8.0	5.0	40.0	29.0	53.0	38.0	34.0	10.0	24.0	23.0	14.0	27.0	33.0	17.0	22.0	17.0	
9.0	13.0	21.0	11.0	8.0	27.0	0.0	22.082492694391284	29.386584424986026	29.074475488855697	27.04438748535897	31.759606265473284	32.813119730121635	35.13776132517357	40.257191791607625	36.96706573724926	30.301553259075018	24.58281173599093	19.19547482642241	13.890987722741063	11.359325086669992	7.919575577427902	6.889242426215064	12.097159711130265	14.61941651738487	17.03849174997348	17.977002372293853	15.633056631596462	15.468626583099999	18.300541328375093	16.1618715687762	16.631206866581916	19.300775064435317	16.371789313594512	12.512165102830231	23.459285746117477	29.495711354704937	44.340677606588166	51.65823263773918	55.166320366987996	47.540381268965234	42.785351672813356	37.10712059927519	
may 2015	jun 2015	jul 2015	aug 2015	sep 2015	oct 2015	nov 2015	dec 2015	jan 2016	feb 2016	mar 2016	apr 2016	may 2016	jun 2016	
17.0	23.0	8.0	12.0	21.0	12.0	10.0	23.0	15.0	18.0	40.0	12.0	17.0	33.0	
28.78915213456485	26.49752444355506	27.35322930636463	23.162753978548984	21.677740963024114	19.165526539807928	17.47394447473349	18.6419011259882	14.703294483537615	13.01933838426961	15.318764943321101	14.320229937329117	12.770538829072697	16.569749933425392	
jul 2016	aug 2016	sep 2016	oct 2016	nov 2016	dec 2016	jan 2017	feb 2017	mar 2017	apr 2017	may 2017	jun 2017	jul 2017	aug 2017	sep 2017	
14.0	14.0	25.0	10.0	18.0	31.0	9.0	22.0	55.0	59.0	68.0	75.0	72.0	55.0	70.0	
17.035674027797157	18.39756772988194	28.425174067520903	26.59757435303677	25.730169933976768	30.161862038614707	26.954464966508436	23.38777536402593	23.94606633604952	19.271093607026017	18.159476170617722	22.31178638913902	18.379121463984593	19.519735568161245	33.85272822842076	

oct 2011	nov 2011	dec 2011	jan 2012	feb 2012	mar 2012	apr 2012	may 2012	jun 2012	jul 2012	aug 2012	sep 2012	oct 2012	nov 2012	dec 2012	jan 2013	feb 2013	mar 2013	apr 2013	may 2013	jun 2013	jul 2013	aug 2013	sep 2013	oct 2013	nov 2013	dec 2013	jan 2014	feb 2014	mar 2014	apr 2014	may 2014	jun 2014	jul 2014	aug 2014	sep 2014	oct 2014	nov 2014	dec 2014	jan 2015	feb 2015	mar 2015	apr 2015	
2.0	4.0	1.0	1.0	4.0	4.0	5.0	7.0	10.0	3.0	8.0	5.0	0.0	1.0	2.0	4.0	7.0	10.0	8.0	9.0	8.0	5.0	1.0	2.0	1.0	2.0	1.0	5.0	11.0	18.0	13.0	12.0	13.0	2.0	10.0	6.0	5.0	1.0	3.0	4.0	5.0	8.0	9.0	
2.0	4.0	6.0	7.5028558400000005	8.809183770265225	10.533341940211905	11.636407468053964	12.220680437657055	12.662556537718018	13.475432150415724	11.450430351740627	10.835145722382373	9.183740355502191	6.041389749555288	3.9808782787963395	3.021661458776779	3.2954680649707977	4.79177211318053	7.288312685849669	9.120513527356698	11.0444134943725	12.241389872111537	11.838426842404877	9.486894140953538	7.316035458538485	5.091716529224635	3.8015701003428646	2.6425554366730566	3.524577224221947	6.5953115581625905	12.251868584413572	17.277012172385078	21.836298806805114	25.635662912375643	24.11021359653295	23.01315742302733	19.425845776230258	15.141394878506874	10.012723979624269	6.83943206965591	5.183674352325163	4.672635951183901	5.641151853561677	
may 2015	jun 2015	jul 2015	aug 2015	sep 2015	oct 2015	nov 2015	dec 2015	jan 2016	feb 2016	mar 2016	apr 2016	may 2016	jun 2016	
5.0	7.0	0.0	1.0	0.0	3.0	1.0	2.0	0.0	6.0	4.0	5.0	5.0	5.0	
7.001445005367249	6.925912479449417	7.45707421993968	5.479439317678565	4.018163836466911	2.5475582435642767	2.736696551751824	2.223619872895492	2.3136280682634993	1.6329786420530825	3.9395014751875115	5.335730864729776	7.097833966608688	8.783818687991868	
jul 2016	aug 2016	sep 2016	oct 2016	nov 2016	dec 2016	jan 2017	feb 2017	mar 2017	apr 2017	may 2017	jun 2017	jul 2017	aug 2017	sep 2017	
2.0	2.0	2.0	0.0	1.0	7.0	5.0	9.0	6.0	9.0	4.0	6.0	8.0	7.0	13.0	
10.124434871979789	9.862232650103582	8.843954017846835	7.388702888917133	5.178575379690552	3.6750665857877696	4.8371395312751515	5.247707394633586	7.041549128190339	7.722842243675416	9.201285113382465	8.751784296277517	8.658811828793342	9.080374830632579	9.028898398531494	

oct 2011	nov 2011	dec 2011	jan 2012	feb 2012	mar 2012	apr 2012	may 2012	jun 2012	jul 2012	aug 2012	sep 2012	oct 2012	nov 2012	dec 2012	jan 2013	feb 2013	mar 2013	apr 2013	may 2013	jun 2013	jul 2013	aug 2013	sep 2013	oct 2013	nov 2013	dec 2013	jan 2014	feb 2014	mar 2014	apr 2014	may 2014	jun 2014	jul 2014	aug 2014	sep 2014	oct 2014	nov 2014	dec 2014	jan 2015	feb 2015	mar 2015	apr 2015	
2.0	4.0	1.0	1.0	4.0	4.0	5.0	7.0	10.0	3.0	8.0	5.0	0.0	1.0	2.0	4.0	7.0	10.0	8.0	9.0	8.0	5.0	1.0	2.0	1.0	2.0	1.0	5.0	11.0	18.0	13.0	12.0	13.0	2.0	10.0	6.0	5.0	1.0	3.0	4.0	5.0	8.0	9.0	
2.0	4.0	1.0	0.0	12.0	11.452121786759587	11.28537883766062	12.252010002446976	12.741373332003999	12.907216687697709	13.102637675734702	13.806901515982194	11.51214883689335	10.831523535874291	9.073539111748877	5.780026162785417	3.6534164051123668	2.683842216914124	3.0674452105120817	5.016833559711436	8.146743044734178	9.999798068353854	11.854579852503461	12.848520656438298	12.154474530068885	9.500747008165431	7.166395007007758	4.826917647113886	3.497125307019915	2.2999799880858562	3.4367934514028122	7.709645766265326	14.748556400539346	19.47981573526792	23.487799345587263	26.797812250250207	24.666063428822834	23.286851524336655	19.45674294189392	15.009536267440897	9.747797077621323	6.521438811911673	4.856536483046303	
may 2015	jun 2015	jul 2015	aug 2015	sep 2015	oct 2015	nov 2015	dec 2015	jan 2016	feb 2016	mar 2016	apr 2016	may 2016	jun 2016	
5.0	7.0	0.0	1.0	0.0	3.0	1.0	2.0	0.0	6.0	4.0	5.0	5.0	5.0	
4.381473400008689	5.545612902180422	7.142901575105231	7.005787390770884	7.5783257304930745	5.352888881210687	3.7758957628556633	2.214955497295623	2.5048612925131195	1.9497900545125186	2.124828710224861	1.3283654167070251	5.9956398659427865	7.486740031738118	
jul 2016	aug 2016	sep 2016	oct 2016	nov 2016	dec 2016	jan 2017	feb 2017	mar 2017	apr 2017	may 2017	jun 2017	jul 2017	aug 2017	sep 2017	
2.0	2.0	2.0	0.0	1.0	7.0	5.0	9.0	6.0	9.0	4.0	6.0	8.0	7.0	13.0	
9.084567793287915	10.353704914526983	11.248988640210037	10.452684006829985	9.075611569995756	7.387568228270858	4.979730830807545	3.389169798896334	4.833096760929401	5.320143197723663	7.461822833062356	8.090638387787397	9.64950971394982	8.967795167426573	8.782871960142229	

oct 2011	nov 2011	dec 2011	jan 2012	feb 2012	mar 2012	apr 2012	may 2012	jun 2012	jul 2012	aug 2012	sep 2012	oct 2012	nov 2012	dec 2012	jan 2013	feb 2013	mar 2013	apr 2013	may 2013	jun 2013	jul 2013	aug 2013	sep 2013	oct 2013	nov 2013	dec 2013	jan 2014	feb 2014	mar 2014	apr 2014	may 2014	jun 2014	jul 2014	aug 2014	sep 2014	oct 2014	nov 2014	dec 2014	jan 2015	feb 2015	mar 2015	apr 2015	
2.0	4.0	1.0	1.0	4.0	4.0	5.0	7.0	10.0	3.0	8.0	5.0	0.0	1.0	2.0	4.0	7.0	10.0	8.0	9.0	8.0	5.0	1.0	2.0	1.0	2.0	1.0	5.0	11.0	18.0	13.0	12.0	13.0	2.0	10.0	6.0	5.0	1.0	3.0	4.0	5.0	8.0	9.0	
2.0	4.0	1.0	1.0	4.0	4.0	0.0	68.0	38.65680618940267	23.803308004202563	19.24284134615077	16.308527077850584	14.707888974865046	14.090958299404432	14.493885948023413	11.611732652108971	10.826114886397491	8.931992548851989	5.534337688092133	3.4092687091696385	2.44437584506014	2.8339848454785526	5.443828482458703	10.61550329796117	12.555133506650671	14.12752766834236	14.368420106571886	12.801585173728744	9.521884493151356	6.986564483001097	4.5803910569060555	3.247665090667692	2.06326523712799	3.3200463346505122	11.321734320532821	27.435460279623868	29.84078093073572	30.057119139901353	30.642845506824997	26.0141720799914	23.828254428755997	19.504860907984696	14.846099799825687	
may 2015	jun 2015	jul 2015	aug 2015	sep 2015	oct 2015	nov 2015	dec 2015	jan 2016	feb 2016	mar 2016	apr 2016	may 2016	jun 2016	
5.0	7.0	0.0	1.0	0.0	3.0	1.0	2.0	0.0	6.0	4.0	5.0	5.0	5.0	
9.501240885668249	6.274345035665504	4.612268295049609	4.131502221310027	5.42004518428303	7.391104116598927	7.137273353156053	7.786803527273132	5.194625153382015	3.5363383755584237	1.9729229282545715	2.2696476354897146	1.701470696617672	1.9142102878151626	
jul 2016	aug 2016	sep 2016	oct 2016	nov 2016	dec 2016	jan 2017	feb 2017	mar 2017	apr 2017	may 2017	jun 2017	jul 2017	aug 2017	sep 2017	
2.0	2.0	2.0	0.0	1.0	7.0	5.0	9.0	6.0	9.0	4.0	6.0	8.0	7.0	13.0	
1.0789225895562222	15.274562585402737	17.459565624692164	17.869868889372178	16.42614995607478	14.910358871697731	11.915880716018508	9.51768164788055	7.38586865219354	4.762461468588424	3.139437966646148	4.827063291913362	5.4384176111876545	8.392541072501464	8.874433926714444	
Instance 1 was successful
oct 2011	nov 2011	dec 2011	jan 2012	feb 2012	mar 2012	apr 2012	may 2012	jun 2012	jul 2012	aug 2012	sep 2012	oct 2012	nov 2012	dec 2012	jan 2013	feb 2013	mar 2013	apr 2013	may 2013	jun 2013	jul 2013	aug 2013	sep 2013	oct 2013	nov 2013	dec 2013	jan 2014	feb 2014	mar 2014	apr 2014	may 2014	jun 2014	jul 2014	aug 2014	sep 2014	oct 2014	nov 2014	dec 2014	jan 2015	feb 2015	mar 2015	apr 2015	
9.0	13.0	21.0	11.0	8.0	27.0	21.0	28.0	39.0	19.0	12.0	14.0	12.0	8.0	11.0	5.0	8.0	21.0	15.0	16.0	14.0	7.0	13.0	21.0	9.0	16.0	22.0	8.0	5.0	40.0	29.0	53.0	38.0	34.0	10.0	24.0	23.0	14.0	27.0	33.0	17.0	22.0	17.0	
9.0	13.0	14.003684017171956	14.127510838806256	14.107391531089188	14.056095610275312	14.195172721122205	14.274559010237267	14.42265367833445	14.679981053125644	14.735605225033158	14.71874994237074	14.721410248853113	14.704207902204248	14.64696634515177	14.619953062347305	14.533442096011589	14.477275846367656	14.55204443286844	14.567221827377612	14.591707299685064	14.596018122127616	14.530049022077113	14.524141264284394	14.598900380169669	14.553565101290198	14.577632958371334	14.662139096589746	14.60625419082574	14.519617192184652	14.783822893790404	14.938543606177728	15.330866304191787	15.571386456600429	15.768044152545896	15.722160402328965	15.81458010594717	15.897345047688693	15.889132711330966	16.010247089245745	16.191387486820155	16.211171743883263	16.27928878546829	
may 2015	jun 2015	jul 2015	aug 2015	sep 2015	oct 2015	nov 2015	dec 2015	jan 2016	feb 2016	mar 2016	apr 2016	may 2016	jun 2016	
17.0	23.0	8.0	12.0	21.0	12.0	10.0	23.0	15.0	18.0	40.0	12.0	17.0	33.0	
16.297138947786493	16.314344366939633	16.39141040162576	16.318163490569003	16.284284424457088	16.34116534507181	16.308259109426338	16.254837949483537	16.33184666596367	16.329240214343915	16.355941565695144	16.602788713331066	16.569043583839413	16.58305151682907	
jul 2016	aug 2016	sep 2016	oct 2016	nov 2016	dec 2016	jan 2017	feb 2017	mar 2017	apr 2017	may 2017	jun 2017	jul 2017	aug 2017	sep 2017	
14.0	14.0	25.0	10.0	18.0	31.0	9.0	22.0	55.0	59.0	68.0	75.0	72.0	55.0	70.0	
16.757461799620284	16.741502356475007	16.723929401700005	16.81658601346538	16.759245098963998	16.78113669634526	16.933624115555432	16.86566621238258	16.92641998257948	17.317962591820212	17.74872513668628	18.265604606387534	18.84817514061116	19.395531308839562	19.766979089679253	

oct 2011	nov 2011	dec 2011	jan 2012	feb 2012	mar 2012	apr 2012	may 2012	jun 2012	jul 2012	aug 2012	sep 2012	oct 2012	nov 2012	dec 2012	jan 2013	feb 2013	mar 2013	apr 2013	may 2013	jun 2013	jul 2013	aug 2013	sep 2013	oct 2013	nov 2013	dec 2013	jan 2014	feb 2014	mar 2014	apr 2014	may 2014	jun 2014	jul 2014	aug 2014	sep 2014	oct 2014	nov 2014	dec 2014	jan 2015	feb 2015	mar 2015	apr 2015	
9.0	13.0	21.0	11.0	8.0	27.0	21.0	28.0	39.0	19.0	12.0	14.0	12.0	8.0	11.0	5.0	8.0	21.0	15.0	16.0	14.0	7.0	13.0	21.0	9.0	16.0	22.0	8.0	5.0	40.0	29.0	53.0	38.0	34.0	10.0	24.0	23.0	14.0	27.0	33.0	17.0	22.0	17.0	
9.0	13.0	21.0	0.0	14.003721294892141	14.127511823986595	14.107391377047517	14.0560952144365	14.195173790312293	14.274559616454432	14.422654798626459	14.679982970881492	14.735605635995956	14.718749818745994	14.721410268332615	14.70420777561064	14.646965922633024	14.61995286206767	14.533441452804965	14.477275426181096	14.552044990950282	14.567221940757154	14.591707481753652	14.596018154266684	14.530048531233682	14.524141219844411	14.598900936531583	14.553564764688097	14.577633137187009	14.662139722970062	14.606253777617658	14.519616547231822	14.783824847019293	14.938544734301578	15.330869107361679	15.57138813873548	15.7680455069609	15.722160089176853	15.81458073740279	15.897345610457275	15.889132656053363	16.010247906982748	16.19138869826381	
may 2015	jun 2015	jul 2015	aug 2015	sep 2015	oct 2015	nov 2015	dec 2015	jan 2016	feb 2016	mar 2016	apr 2016	may 2016	jun 2016	
17.0	23.0	8.0	12.0	21.0	12.0	10.0	23.0	15.0	18.0	40.0	12.0	17.0	33.0	
16.211171876045658	16.27928923655791	16.297139065931134	16.314344480479672	16.39141090838169	16.318163009434357	16.284284200666068	16.341165719871892	16.308258892942764	16.25483759651026	16.33184717400718	16.32924019751457	16.355941741347408	16.60279032333774	
jul 2016	aug 2016	sep 2016	oct 2016	nov 2016	dec 2016	jan 2017	feb 2017	mar 2017	apr 2017	may 2017	jun 2017	jul 2017	aug 2017	sep 2017	
14.0	14.0	25.0	10.0	18.0	31.0	9.0	22.0	55.0	59.0	68.0	75.0	72.0	55.0	70.0	
16.569043366340026	16.58305160746388	16.757462923234733	16.741502254907118	16.723929288894617	16.816586606471073	16.75924473275732	16.781136836230687	16.933625086370217	16.865665781589268	16.92642036809739	17.317965044158584	17.748727768926745	18.265607676933296	18.84817849330613	

oct 2011	nov 2011	dec 2011	jan 2012	feb 2012	mar 2012	apr 2012	may 2012	jun 2012	jul 2012	aug 2012	sep 2012	oct 2012	nov 2012	dec 2012	jan 2013	feb 2013	mar 2013	apr 2013	may 2013	jun 2013	jul 2013	aug 2013	sep 2013	oct 2013	nov 2013	dec 2013	jan 2014	feb 2014	mar 2014	apr 2014	may 2014	jun 2014	jul 2014	aug 2014	sep 2014	oct 2014	nov 2014	dec 2014	jan 2015	feb 2015	mar 2015	apr 2015	
9.0	13.0	21.0	11.0	8.0	27.0	21.0	28.0	39.0	19.0	12.0	14.0	12.0	8.0	11.0	5.0	8.0	21.0	15.0	16.0	14.0	7.0	13.0	21.0	9.0	16.0	22.0	8.0	5.0	40.0	29.0	53.0	38.0	34.0	10.0	24.0	23.0	14.0	27.0	33.0	17.0	22.0	17.0	
9.0	13.0	21.0	11.0	8.0	27.0	0.0	14.003721298620352	14.127511824085122	14.107391377032112	14.056095214396912	14.195173790419222	14.27455961651506	14.422654798738499	14.679982971073287	14.735605636037057	14.718749818733631	14.721410268334562	14.70420777559798	14.646965922590768	14.61995286204764	14.533441452740638	14.477275426139073	14.552044991006097	14.567221940768492	14.591707481771861	14.596018154269899	14.530048531184594	14.524141219839967	14.598900936587226	14.553564764654434	14.577633137204892	14.662139723032706	14.606253777576333	14.51961654716732	14.783824847214635	14.938544734414402	15.330869107642023	15.571388138903712	15.768045507096355	15.722160089145534	15.814580737465942	15.897345610513558	
may 2015	jun 2015	jul 2015	aug 2015	sep 2015	oct 2015	nov 2015	dec 2015	jan 2016	feb 2016	mar 2016	apr 2016	may 2016	jun 2016	
17.0	23.0	8.0	12.0	21.0	12.0	10.0	23.0	15.0	18.0	40.0	12.0	17.0	33.0	
15.889132656047833	16.010247907064528	16.19138869838497	16.211171876058877	16.279289236603024	16.29713906594295	16.314344480491027	16.39141090843237	16.31816300938624	16.284284200643686	16.341165719909377	16.30825889292111	16.25483759647496	16.33184717405799	
jul 2016	aug 2016	sep 2016	oct 2016	nov 2016	dec 2016	jan 2017	feb 2017	mar 2017	apr 2017	may 2017	jun 2017	jul 2017	aug 2017	sep 2017	
14.0	14.0	25.0	10.0	18.0	31.0	9.0	22.0	55.0	59.0	68.0	75.0	72.0	55.0	70.0	
16.32924019751289	16.355941741364976	16.602790323498755	16.569043366318276	16.583051607472946	16.75746292334711	16.74150225489696	16.723929288883333	16.81658660653038	16.759244732720695	16.781136836244677	16.93362508646731	16.865665781546184	16.926420368135943	17.31796504440384	

oct 2011	nov 2011	dec 2011	jan 2012	feb 2012	mar 2012	apr 2012	may 2012	jun 2012	jul 2012	aug 2012	sep 2012	oct 2012	nov 2012	dec 2012	jan 2013	feb 2013	mar 2013	apr 2013	may 2013	jun 2013	jul 2013	aug 2013	sep 2013	oct 2013	nov 2013	dec 2013	jan 2014	feb 2014	mar 2014	apr 2014	may 2014	jun 2014	jul 2014	aug 2014	sep 2014	oct 2014	nov 2014	dec 2014	jan 2015	feb 2015	mar 2015	apr 2015	
2.0	4.0	1.0	1.0	4.0	4.0	5.0	7.0	10.0	3.0	8.0	5.0	0.0	1.0	2.0	4.0	7.0	10.0	8.0	9.0	8.0	5.0	1.0	2.0	1.0	2.0	1.0	5.0	11.0	18.0	13.0	12.0	13.0	2.0	10.0	6.0	5.0	1.0	3.0	4.0	5.0	8.0	9.0	
2.0	4.0	5.006955550056719	4.997537836303245	4.967468905751544	4.967572992225389	4.967898292721488	4.978247699178327	5.008617769418149	5.0689068564773505	5.058645981915427	5.098080761636061	5.1074185578642926	5.066314672663248	5.035270443040294	5.014635954077876	5.014335531810487	5.044263662214144	5.104191254203905	5.143696779648791	5.1926758199206775	5.231211890915834	5.239211718555968	5.20680421355055	5.184439906562349	5.152350369077741	5.130534062937516	5.098988681565687	5.107784971983092	5.17693895693925	5.316020814811753	5.404137228404412	5.480951002172295	5.566927679197519	5.541874983723327	5.596384162033686	5.61087541080609	5.614888612839707	5.5786924907418385	5.562591948590969	5.556828768178034	5.561225394563914	5.595722174762804	
may 2015	jun 2015	jul 2015	aug 2015	sep 2015	oct 2015	nov 2015	dec 2015	jan 2016	feb 2016	mar 2016	apr 2016	may 2016	jun 2016	
5.0	7.0	0.0	1.0	0.0	3.0	1.0	2.0	0.0	6.0	4.0	5.0	5.0	5.0	
5.640128786915824	5.644082597572989	5.667723867198958	5.621130686888641	5.584481244716281	5.538252432560955	5.522480115237914	5.487054859418048	5.4618568107728125	5.416944009533981	5.432467466694802	5.4282515517439425	5.4339498876481604	5.439666822114738	
jul 2016	aug 2016	sep 2016	oct 2016	nov 2016	dec 2016	jan 2017	feb 2017	mar 2017	apr 2017	may 2017	jun 2017	jul 2017	aug 2017	sep 2017	
2.0	2.0	2.0	0.0	1.0	7.0	5.0	9.0	6.0	9.0	4.0	6.0	8.0	7.0	13.0	
5.445326772208001	5.420861929663331	5.396411474707571	5.372205676110451	5.328198253114071	5.294505109462994	5.321367034026045	5.328373634051172	5.375251147842634	5.391896027796067	5.438209865258706	5.434175492578474	5.449838852709697	5.48554037378652	5.511017071323129	

oct 2011	nov 2011	dec 2011	jan 2012	feb 2012	mar 2012	apr 2012	may 2012	jun 2012	jul 2012	aug 2012	sep 2012	oct 2012	nov 2012	dec 2012	jan 2013	feb 2013	mar 2013	apr 2013	may 2013	jun 2013	jul 2013	aug 2013	sep 2013	oct 2013	nov 2013	dec 2013	jan 2014	feb 2014	mar 2014	apr 2014	may 2014	jun 2014	jul 2014	aug 2014	sep 2014	oct 2014	nov 2014	dec 2014	jan 2015	feb 2015	mar 2015	apr 2015	
2.0	4.0	1.0	1.0	4.0	4.0	5.0	7.0	10.0	3.0	8.0	5.0	0.0	1.0	2.0	4.0	7.0	10.0	8.0	9.0	8.0	5.0	1.0	2.0	1.0	2.0	1.0	5.0	11.0	18.0	13.0	12.0	13.0	2.0	10.0	6.0	5.0	1.0	3.0	4.0	5.0	8.0	9.0	
2.0	4.0	1.0	0.0	5.007026047332819	4.997537774270031	4.9674681449917655	4.967572992955698	4.967898300983144	4.97824796164001	5.00861853633236	5.068908362631806	5.058645731219642	5.098081735340252	5.107418789556044	5.066313659998253	5.035269668487299	5.014635435684543	5.014335522982911	5.04426441059114	5.1041927382879635	5.143697748561707	5.192677006401915	5.231212815724432	5.239211911068573	5.2068034408198125	5.18443936767142	5.152349592189268	5.130533530334743	5.098987907913703	5.107785186089298	5.176940639880528	5.316024120544353	5.404139273097586	5.480952749602156	5.566929598805689	5.541874433588932	5.59638536328504	5.610875730662736	5.614888701212569	5.578691697428706	5.562591591869888	5.5568286400215445	
may 2015	jun 2015	jul 2015	aug 2015	sep 2015	oct 2015	nov 2015	dec 2015	jan 2016	feb 2016	mar 2016	apr 2016	may 2016	jun 2016	
5.0	7.0	0.0	1.0	0.0	3.0	1.0	2.0	0.0	6.0	4.0	5.0	5.0	5.0	
5.561225491473351	5.5957229343739066	5.640129757807624	5.644082685501243	5.66772437916615	5.621129677025629	5.584480440142388	5.538251409534812	5.522479762148308	5.48705406620494	5.461856241526656	5.416942988860958	5.432467817948373	5.428251456640791	
jul 2016	aug 2016	sep 2016	oct 2016	nov 2016	dec 2016	jan 2017	feb 2017	mar 2017	apr 2017	may 2017	jun 2017	jul 2017	aug 2017	sep 2017	
2.0	2.0	2.0	0.0	1.0	7.0	5.0	9.0	6.0	9.0	4.0	6.0	8.0	7.0	13.0	
5.433950017027928	5.439666952256035	5.4453269008920735	5.420861373852427	5.396410914604541	5.37220511851957	5.32819723255759	5.29450431968876	5.321367660558797	5.328373798750453	5.375252233836123	5.391896412923811	5.438210923361175	5.434175403312895	5.449839207868341	

oct 2011	nov 2011	dec 2011	jan 2012	feb 2012	mar 2012	apr 2012	may 2012	jun 2012	jul 2012	aug 2012	sep 2012	oct 2012	nov 2012	dec 2012	jan 2013	feb 2013	mar 2013	apr 2013	may 2013	jun 2013	jul 2013	aug 2013	sep 2013	oct 2013	nov 2013	dec 2013	jan 2014	feb 2014	mar 2014	apr 2014	may 2014	jun 2014	jul 2014	aug 2014	sep 2014	oct 2014	nov 2014	dec 2014	jan 2015	feb 2015	mar 2015	apr 2015	
2.0	4.0	1.0	1.0	4.0	4.0	5.0	7.0	10.0	3.0	8.0	5.0	0.0	1.0	2.0	4.0	7.0	10.0	8.0	9.0	8.0	5.0	1.0	2.0	1.0	2.0	1.0	5.0	11.0	18.0	13.0	12.0	13.0	2.0	10.0	6.0	5.0	1.0	3.0	4.0	5.0	8.0	9.0	
2.0	4.0	1.0	1.0	4.0	4.0	0.0	5.007026054383492	4.997537774263827	4.967468144915682	4.967572992955771	4.96789830098397	4.978247961666258	5.008618536409059	5.068908362782436	5.058645731194569	5.098081735437632	5.107418789579215	5.066313659896976	5.0352696684098355	5.014635435632698	5.014335522982028	5.044264410665985	5.104192738436386	5.143697748658608	5.192677006520576	5.231212815816923	5.239211911087826	5.206803440742531	5.184439367617525	5.152349592111571	5.130533530281478	5.09898790783633	5.1077851861107115	5.17694064004884	5.3160241208749595	5.404139273302076	5.480952749776916	5.566929598997669	5.541874433533913	5.596385363405177	5.610875730694724	5.614888701221408	
may 2015	jun 2015	jul 2015	aug 2015	sep 2015	oct 2015	nov 2015	dec 2015	jan 2016	feb 2016	mar 2016	apr 2016	may 2016	jun 2016	
5.0	7.0	0.0	1.0	0.0	3.0	1.0	2.0	0.0	6.0	4.0	5.0	5.0	5.0	
5.578691697349367	5.562591591834212	5.556828640008728	5.561225491483043	5.595722934449875	5.640129757904723	5.644082685510037	5.667724379217352	5.621129676924633	5.584480440061923	5.538251409432499	5.5224797621129955	5.48705406612561	5.461856241469725	
jul 2016	aug 2016	sep 2016	oct 2016	nov 2016	dec 2016	jan 2017	feb 2017	mar 2017	apr 2017	may 2017	jun 2017	jul 2017	aug 2017	sep 2017	
2.0	2.0	2.0	0.0	1.0	7.0	5.0	9.0	6.0	9.0	4.0	6.0	8.0	7.0	13.0	
5.416942988758881	5.432467817983502	5.42825145663128	5.433950017040867	5.43966695226905	5.445326900904943	5.420861373796841	5.396410914548525	5.372205118463806	5.3281972324555245	5.294504319609774	5.3213676606214575	5.328373798766925	5.375252233944733	5.391896412962327	
